KG_EXPORTACAO
59417918321
59765394100
66350372472
59866224524
63033824953
67807780415
61917934640
62136231569
52477601795
56673255483
43195097447
52908348793
53743393839
54953249055
64644667724
61614187592
63256116255
64749805265
55056424230
58998018716
46589197737
47097552475
50479134409
56926304620
59060879256
54752961279
57991649032
67381151109
62959138217
71482917960
63843390897
58376191041
57512762338
53436544555
43930739973
46718273016
60927149553
51030639756
55724937094
60106739045
66041443527
61324424851
67695860040
61415668511
62544376858
61521166691
43511501931
48543257939
63905100958
62899521969
59712789379
68869030395
92199032424
63830544335
64311408821
55759517354
55211278323
60934598499
45888878633
48281072546