KG_EXPORTACAO
21071162310
18294301117
19161709019
20779073720
20092481195
22392910072
20314522643
25082494984
15334536868
16426007171
15905343412
13689004872
18010585422
18815228417
21888519226
20096075378
23834378510
22660894162
21197566320
23874946411
18033808143
20541303182
16179667934
19404428172
20028485239
21256216522
24965016779
21706023641
25048979031
26063068293
22360326730
25954684967
20374486826
22792748570
17296003758
24699710529
22684886776
23636505761
29427360365
35504918922
32644607346
37922237046
12077634646
18957685371
23760736231
21172364495
17555811086
20117057888
22211387782
24284429018
36430613918
33969525284
24937275195
24822203619
24110969854
29509431575
26849549426
24396846715
23725813135
25753257112
30140354246
32211023743
29896045149
33797142566
38299916409
37228563297
34234289224
25693774565
19810871848
36904341870
24745574522
32674627063
35346555707
36086552879
32189171089
33150633426
37736460907
36805752491
33024160404
31430942822
33014800785
31668610823
29348130923
27022616899
33178340131
35414847895
38908613719
36874081496
40186349605
50684398153
35404059085
26398793620
29339238168
38764389997
27939238005
31165615942
37200503699
36956973534
44013184630
39055445658
43842093134
45462526224
35562289890
39519782056
36655126495
36012513066
31185073071
35999952261
29947014118
32380104400
42426481855
44543839278
43181686404
46856654901
43442668263
55880706893
31854301075
25764221373
35084180600
37399552147
38049968582
35658351616
41652255462
44316922173
41310898955
44190268171
40949199738
33084840333
40275827978
36195644527
29760432662
29810957217
51002002450
41355777886
47290568374
46765986700
49546393342
43805947991
42612938557
43893441575
38868276977
44865333748
36147808081
33586952229
51120224827
48554721021
44583016714
48962582075
54733524253
46699082655
45014744535
46983574819
42172305592
41478621880
37284079921
36499173423
50334702404
50945721080
52962583072
46270514820
48601508368
47187454614
43019464688
48581698960
42870616532
45559354634
37622692112
31976027958
49314494441
49347177442
52862414090
50723533816
53940880179
49470948858
45130186030
48502753660
43368619498
39893298406
35655842473
39742221890
56941204399
42559211484
51208869817
53234442514
49455120196
54517371122
50689083807
51636934945
45791735071
42242410602
37568298342
40550951913
64658255326
49031011908
58479730576
58646407173
50251906150
61334541816
59123132953
52436053239
48806078612
52096165841
39022513728
42143540870
52507772993
49556284913
47783025855
57941025589
58627265778
53620173215
54353856383
59838990190
55021295650
57435864660
53061438312
45144921379
54972740218
54907010851
60901123027
60456979611
64485088996
59371630075
64068630530
63906831504
49065622549
62107649300
47005986505
50494004049
59417918321
59765394100
66350372472
59866224524
63033824953
67807780415
61917934640
62136231569
52477601795
56673255483
43195097447